0005
0010
0014
0015
0016
0021
0042
0047
0050
0053
0056
0058
0060
0062
0064
0068
0074
0088
0095
0099
0103
0105
0110
0113
0115
0117
0132
0133
0134
0137
0138
0140
0143
0144
0145
0150
0162
0177
0178
0195
0196
0199
0202
0205
0211
0233
0237
0240
0247
0248
0250
0251
0254
0274
0282
0302
0320
0324
0330
0332
0338
0359
0362
0376
0384
0387
0389
0390
0391
0396
0397
0399
0400
0402
0406
0423
0424
0440
0446
0454
0455
0458
0475
0489
0505
0511
0517
0546
0570
0571
0574
0585
0588
0591
0594
0599
0616
0618
0652
0662
0668
0672
0682
0685
0706
0714
0718
0804
0805
0819
0822
0824
0843
0874
0878
0888
0890
0967
0984
1004
1016
1034
1038
1061
1081
1106
1121
1122
1125
1126
1134
1137
1138
1143
1144
1146
1161
1166
1195
1196
1203
1228
1236
1238
1248
1252
1253
1263
1285
1288
1292
1294
1298
1299
1303
1317
1322
1325
1326
1352
1366
1368
1371
1388
1389
1398
1400
1408
1421
1427
1440
1442
1444
1447
1455
1463
1466
1470
1474
1477
1505
1522
1524
1537
1558
1560
1568
1589
1596
1604
1612
1614
1620
1631
1641
1642
1652
1655
1667
1684
1699
1701
1708
1722
1724
1726
1732
1736
1749
1770
1797
1805
1811
1826
1835
1837
1838
1854
1859
1881
1884
1893
1898
1903
1917
1930
1946
1960
1961
1966
1967
1982
1988
2000
2013
2025
2061
2076
2079
2088
2094
2120
2125
2131
2133
2169
2172
2191
2204
2207
2234
2258
2272
2280
2291
2306
2321
2322
2323
2325
2336
2339
2345
2355
2356
2358
2362
2365
2369
2370
2396
2398
2399
2407
2412
2414
2415
2431
2435
2437
2440
2441
2449
2450
2468
2481
2497
2498
2527
2534
2543
2567
2578
2585
2603
2614
2631
2632
2654
2655
2664
2669
2672
2678
2717
2718
2756
2757
2794
2795
2802
2834
2847
2848
2885
2894
2904
2905
2919
2936
2938
2942
2943
2945
2947
2956
2957
2965
2969
2981
2996
3017
3026
3036
3067
3077
3096
3099
3101
3111
3122
3134
3136
3143
3173
3185
3203
3244
3248
3250
3268
3276
3277
3280
3321
3322
3325
3327
3335
3345
3348
3352
3354
3368
3369
3370
3377
3381
3398
3400
3403
3420
3423
3427
3429
3431
3432
3433
3434
3438
3439
3440
3442
3444
3445
3446
3447
3448
3449
3452
3454
3455
3456
3457
3471
3498
3501
3503
3519
3524
3525
3562
3580
3591
3594
3603
3604
3607
3620
3631
3638
3660
3669
3670
3673
3675
3676
3686
3707
3749
3769
3772
3791
3795
3801
3815
3817
3819
3821
3846
3849
3861
3864
3865
3873
3885
3910
3918
3919
3929
3951
3961
3965
3967
3970
3973
3981
3989
3991
3995
3997
4003
4005
4020
4028
4036
4045
4078
4082
4083
4091
4098
4103
4105
4111
4138
4150
4151
4156
4167
4182
4195
4199
4204
4216
4219
4224
4231
4262
4274
4277
4279
4282
4283
4291
4293
4296
4305
4306
4313
4317
4322
4323
4325
4327
4335
4336
4345
4346
4347
4353
4356
4369
4399
4400
4402
4407
4411
4413
4417
4418
4442
4443
4444
4449
4451
4484
4486
4505
4511
4531
4539
4546
4550
4557
4573
4580
4581
4583
4584
4593
4604
4606
4615
4616
4621
4635
4638
4681
4694
4726
4762
4774
4777
4797
4798
4811
4850
4859
4862
4870
4873
4874
4875
4892
4893
4910
5002
5003
5004
5005
5008
5012
5014
5022
5024
5028
5029
5030
5031
5033
5041
5075
5079
5081
5087
5089
5090
5091
5093
5099
5105
5106
5107
5108
5110
5116
5118
5121
5122
5125
5127
5131
5136
5139
5141
5142
5145
5153
5156
5159
5165
5167
5168
5175
5178
5179
5188
5189
5192
5197
5204
5208
5214
5217
5222
5224
5227
5231
5236
5242
5243
5244
5246
5247
5250
5251
5252
5256
5260
5265
5270
5272
5273
5277
5278
5292
5294
5297
5298
5302
5303
5307
5314
5315
5321
5326
5327
5330
5337
5338
5339
5341
5363
5364
5365
5368
5374
5378
5379
5389
5390
5392
5395
5398
5403
5405
5414
5415
5417
5422
5427
5430
5431
5432
5434
5439
5453
5455
5457
5458
5471
5482
5486
5488
5491
5493
5507
5509
5512
5520
5542
5543
5561
5569
5573
5576
5579
5580
5584
5591
5592
5595
5599
5600
5603
5605
5618
5623
5629
5630
5638
5661
5681
5684
5691
5693
5698
5713
5716
5718
5727
5729
5740
5744
5751
5765
5766
5772
5775
5776
5794
5803
5805
5807
5811
5817
5821
5823
5824
5840
5843
5846
5851
5854
5856
5865
5870
5873
5878
5898
5907
5913
5924
5933
5935
5950
5970
5976
5985
5990
5992
6006
6007
6010
6012
6021
6036
6037
6045
6049
6055
6058
6063
6070
6075
6079
6081
6085
6088
6098
6100
6107
6108
6116
6120
6125
6127
6135
6136
6144
6151
6159
6160
6164
6165
6169
6180
6184
6192
6195
6199
6205
6206
6210
6213
6218
6224
6271
6288
6292
6293
6302
6304
6319
6324
6325
6328
6333
6334
6338
6343
6345
6355
6357
6358
6360
6363
6365
6373
6389
6392
6393
6395
6402
6406
6408
6412
6413
6416
6426
6427
6431
6434
6447
6454
6466
6474
6475
6477
6509
6512
6514
6529
6544
6546
6547
6559
6562
6565
6574
6581
6582
6585
6586
6597
6600
6609
6610
6621
6624
6629
6630
6633
6634
6635
6636
6640
6644
6645
6648
6652
6663
6681
6682
6686
6703
6707
7002
7003
7005
7006
7007
7008
7009
7010
7011
7017
7018
7019
7020
7021
7024
7025
7027
7031
7032
7034
7035
7037
7039
8004
8013
8016
8020
8022
8023
8025
8030
8033
8034
8036
8037
8039
8040
8043
8046
8048
8049
8054
8055
8060
8062
8074
8077
8090
8091
8092
8093
8094
8103
8110
8112
8113
8115
8118
8119
8121
8123
8125
8130
8131
8132
8138
8144
8145
8148
8165
8168
8173
8174
8177
8182
8183
8190
8193
8198
8199
8201
8205
8208
8211
8214
8215
8218
8220
8221
8225
8227
8235
8236
8237
8238
8246
8261
9001
9004
9008
9012
9015
9019
9021
9022
9026
9035
9036
9037
9043
9052
9053
