0005
0007
0008
0010
0014
0015
0016
0021
0029
0030
0041
0042
0047
0048
0054
0058
0060
0062
0064
0070
0072
0081
0088
0090
0095
0097
0108
0115
0116
0126
0132
0137
0140
0148
0160
0161
0163
0164
0168
0178
0179
0192
0195
0199
0201
0202
0204
0205
0209
0210
0213
0222
0224
0225
0226
0235
0240
0248
0250
0251
0260
0261
0264
0265
0267
0270
0275
0276
0277
0282
0291
0299
0300
0330
0332
0333
0335
0338
0343
0350
0354
0359
0362
0374
0376
0379
0380
0384
0385
0387
0390
0392
0400
0403
0406
0412
0440
0443
0454
0455
0463
0466
0472
0474
0475
0477
0488
0489
0491
0497
0499
0505
0511
0514
0517
0522
0525
0529
0545
0546
0554
0570
0573
0574
0580
0585
0588
0591
0599
0629
0641
0652
0662
0663
0667
0668
0672
0685
0687
0690
0691
0700
0718
0723
0730
0784
0797
0804
0805
0811
0822
0824
0874
0878
0888
0916
0946
0957
0967
0991
0994
1004
1059
1061
1120
1122
1137
1138
1139
1140
1143
1144
1146
1157
1161
1164
1165
1183
1195
1220
1223
1224
1248
1250
1252
1253
1264
1275
1278
1288
1294
1303
1307
1317
1321
1322
1334
1336
1337
1350
1352
1356
1358
1370
1371
1398
1402
1421
1439
1440
1442
1444
1452
1455
1463
1470
1477
1505
1506
1524
1525
1533
1548
1558
1560
1574
1582
1614
1649
1651
1652
1663
1666
1667
1691
1722
1724
1726
1727
1731
1732
1736
1746
1749
1756
1770
1784
1797
1802
1826
1838
1866
1884
1916
1960
1967
1987
2030
2041
2061
2069
2074
2086
2093
2120
2123
2129
2131
2135
2151
2156
2163
2166
2169
2173
2177
2187
2189
2194
2204
2205
2207
2234
2258
2272
2280
2284
2288
2298
2308
2325
2336
2339
2358
2371
2376
2378
2384
2398
2399
2407
2412
2414
2415
2426
2431
2432
2435
2442
2458
2462
2468
2472
2485
2486
2487
2489
2490
2491
2495
2497
2513
2515
2517
2518
2519
2521
2523
2526
2527
2528
2530
2534
2535
2536
2538
2540
2542
2543
2558
2559
2565
2567
2569
2577
2585
2586
2587
2617
2631
2632
2642
2654
2655
2664
2675
2678
2681
2683
2691
2693
2700
2702
2716
2718
2757
2761
2770
2794
2795
2821
2834
2848
2872
2885
2894
2905
2919
2923
2942
2943
2945
2946
2956
2957
2965
2981
2989
2996
2997
3017
3026
3030
3035
3076
3087
3096
3111
3134
3154
3164
3185
3186
3203
3232
3244
3248
3250
3268
3276
3277
3299
3313
3314
3315
3321
3322
3325
3327
3331
3339
3341
3345
3354
3369
3370
3376
3377
3382
3403
3420
3423
3431
3433
3438
3439
3442
3447
3448
3449
3454
3456
3457
3471
3487
3501
3503
3524
3525
3554
3562
3582
3591
3594
3603
3612
3627
3628
3660
3673
3675
3728
3749
3769
3772
3776
3791
3795
3815
3817
3819
3840
3842
3843
3845
3846
3849
3865
3866
3873
3878
3885
3894
3905
3918
3919
3921
3924
3929
3964
3965
3981
3991
3994
3998
4001
4003
4004
4005
4036
4062
4082
4091
4094
4105
4123
4126
4136
4151
4156
4164
4176
4182
4199
4216
4219
4224
4228
4231
4242
4261
4262
4271
4279
4283
4293
4294
4296
4302
4303
4305
4313
4317
4322
4323
4325
4328
4335
4336
4342
4345
4346
4348
4353
4358
4369
4370
4377
4386
4394
4399
4400
4407
4411
4413
4417
4418
4421
4422
4432
4442
4443
4446
4451
4455
4464
4484
4492
4498
4500
4501
4505
4506
4508
4509
4511
4514
4520
4531
4539
4546
4550
4552
4574
4578
4581
4599
4615
4621
4631
4635
4638
4647
4674
4703
4710
4774
4777
4811
4853
4854
4862
4870
4873
4874
4875
4891
4892
4910
5002
5006
5009
5012
5014
5022
5029
5030
5041
5079
5081
5087
5090
5091
5092
5093
5095
5099
5106
5107
5108
5109
5110
5111
5116
5117
5118
5124
5125
5128
5131
5132
5136
5141
5142
5150
5153
5164
5167
5168
5175
5188
5197
5206
5222
5224
5242
5243
5244
5245
5246
5247
5251
5252
5255
5268
5270
5271
5272
5273
5278
5281
5286
5294
5295
5297
5298
5305
5307
5314
5317
5321
5328
5333
5334
5336
5337
5339
5341
5360
5368
5383
5389
5392
5395
5398
5410
5417
5422
5430
5431
5432
5439
5451
5463
5469
5487
5491
5494
5507
5512
5520
5531
5533
5535
5542
5555
5560
5573
5580
5582
5584
5585
5591
5596
5599
5603
5608
5612
5618
5623
5625
5629
5630
5636
5638
5663
5679
5684
5689
5690
5691
5693
5716
5723
5729
5740
5746
5776
5778
5794
5797
5817
5818
5821
5823
5824
5840
5846
5851
5856
5865
5868
5870
5878
5884
5885
5903
5907
5913
5924
5939
5947
5950
5969
5970
5975
5976
5990
5992
6010
6021
6045
6049
6056
6058
6065
6070
6075
6081
6084
6085
6088
6098
6101
6116
6120
6125
6133
6143
6144
6154
6157
6159
6160
6165
6169
6173
6180
6183
6184
6185
6189
6192
6195
6199
6205
6206
6210
6213
6232
6271
6288
6293
6302
6310
6313
6314
6317
6319
6322
6324
6333
6334
6338
6345
6354
6355
6358
6361
6363
6365
6373
6375
6384
6386
6395
6406
6412
6416
6426
6431
6443
6444
6460
6461
6466
6471
6474
6478
6484
6486
6505
6510
6513
6514
6529
6544
6546
6548
6565
6566
6573
6575
6585
6586
6587
6592
6602
6609
6610
6626
6630
6634
6636
6640
6644
6656
6663
6668
6670
6671
6675
6681
6682
6686
6706
6707
7002
7003
7005
7006
7007
7008
7009
7010
7011
7017
7018
7019
7022
7024
7025
7026
7027
7032
7034
7035
7037
8003
8004
8006
8016
8017
8018
8020
8022
8023
8028
8029
8036
8037
8040
8046
8048
8055
8062
8064
8067
8069
8077
8078
8081
8090
8091
8093
8094
8110
8112
8115
8118
8119
8121
8122
8123
8125
8130
8132
8142
8144
8145
8148
8159
8162
8165
8168
8171
8173
8174
8176
8177
8190
8193
8198
8199
8205
8208
8211
8215
8218
8219
8220
8225
8227
8235
8236
8237
8238
8240
8246
8261
9004
9012
9015
9022
9035
9037
9045
9049
9053
9057
