0007
0020
0032
0041
0042
0047
0053
0056
0060
0068
0083
0084
0102
0112
0115
0117
0127
0137
0140
0142
0146
0148
0153
0161
0162
0170
0192
0193
0194
0210
0212
0229
0235
0240
0244
0251
0254
0258
0264
0265
0267
0279
0293
0297
0310
0317
0331
0340
0346
0350
0352
0358
0362
0389
0390
0392
0396
0398
0399
0407
0408
0426
0444
0450
0463
0479
0490
0496
0498
0499
0500
0501
0505
0510
0512
0520
0538
0543
0551
0559
0565
0571
0574
0588
0590
0591
0604
0611
0613
0614
0631
0634
0642
0650
0653
0712
0716
0723
0725
0730
0778
0782
0786
0803
0809
0815
0829
0844
0882
0883
0884
0895
0906
0910
0922
0930
0933
0939
0941
0946
0949
0952
0955
0959
0966
0970
0974
0976
0982
0983
0988
1006
1008
1010
1011
1021
1036
1038
1054
1055
1059
1062
1080
1085
1087
1095
1097
1098
1099
1106
1114
1125
1130
1134
1142
1152
1158
1167
1171
1172
1179
1184
1190
1191
1195
1204
1208
1211
1221
1222
1228
1229
1230
1236
1248
1254
1262
1266
1275
1300
1306
1311
1326
1335
1336
1341
1344
1352
1369
1380
1381
1382
1390
1394
1413
1415
1417
1422
1426
1434
1454
1458
1459
1460
1468
1478
1485
1493
1495
1501
1510
1511
1513
1515
1521
1523
1524
1533
1535
1536
1553
1556
1568
1569
1573
1581
1597
1624
1633
1644
1651
1652
1661
1667
1672
1684
1707
1711
1712
1716
1735
1745
1746
1747
1748
1754
1756
1758
1759
1760
1762
1772
1782
1789
1790
1797
1808
1813
1814
1834
1836
1837
1842
1843
1845
1849
1854
1855
1878
1887
1888
1904
1913
1916
1918
1929
1935
1955
1956
1958
1979
1982
1983
1984
1985
1994
2018
2020
2024
2028
2030
2042
2049
2057
2064
2078
2092
2096
2098
2100
2122
2134
2139
2148
2156
2160
2169
2170
2187
2202
2205
2237
2238
2244
2257
2264
2267
2272
2288
2296
2298
2302
2304
2308
2309
2316
2322
2323
2326
2336
2337
2345
2354
2359
2362
2364
2376
2385
2407
2412
2425
2426
2442
2447
2449
2460
2467
2486
2487
2489
2491
2500
2504
2516
2521
2523
2524
2526
2537
2549
2560
2580
2586
2596
2599
2617
2620
2621
2624
2628
2635
2637
2640
2648
2655
2658
2663
2681
2686
2688
2690
2691
2700
2701
2702
2706
2711
2719
2729
2736
2745
2754
2755
2770
2781
2825
2867
2871
2872
2876
2881
2913
2917
2918
2926
2933
2935
2943
2947
2952
2956
2957
2960
2976
2997
2999
3013
3015
3026
3031
3036
3042
3047
3052
3053
3057
3061
3067
3069
3077
3082
3085
3095
3096
3120
3121
3146
3152
3158
3160
3164
3165
3171
3172
3173
3185
3188
3192
3193
3197
3201
3216
3231
3239
3248
3268
3270
3303
3306
3325
3326
3327
3351
3368
3370
3376
3392
3413
3418
3428
3430
3433
3436
3453
3457
3461
3467
3476
3478
3483
3492
3493
3496
3503
3521
3527
3533
3535
3541
3543
3553
3562
3568
3572
3573
3576
3579
3590
3595
3601
3610
3614
3619
3628
3632
3659
3669
3670
3675
3676
3691
3696
3697
3701
3706
3711
3719
3722
3727
3736
3743
3745
3747
3750
3752
3762
3791
3792
3806
3810
3819
3829
3832
3834
3836
3843
3849
3855
3859
3861
3865
3882
3885
3898
3909
3929
3931
3942
3964
3970
3973
3982
3983
3986
3991
3998
4001
4010
4011
4024
4025
4029
4034
4036
4043
4045
4046
4070
4071
4074
4091
4095
4111
4117
4149
4156
4168
4180
4181
4182
4199
4208
4214
4216
4219
4237
4245
4259
4271
4279
4297
4313
4327
4336
4345
4347
4348
4364
4384
4390
4394
4405
4409
4411
4413
4414
4418
4419
4422
4436
4466
4472
4474
4481
4485
4492
4501
4508
4511
4523
4533
4534
4537
4550
4560
4567
4574
4578
4582
4587
4592
4598
4602
4608
4635
4638
4651
4654
4669
4673
4674
4676
4700
4706
4708
4710
4716
4718
4731
4736
4737
4758
4767
4790
4791
4796
4810
4833
4844
4848
4859
4881
4887
4893
4900
4901
4902
4907
4911
4920
5007
5012
5013
5014
5024
5029
5068
5075
5087
5096
5100
5102
5108
5115
5118
5123
5130
5138
5142
5143
5150
5151
5159
5161
5165
5167
5175
5189
5191
5204
5206
5222
5224
5227
5231
5243
5249
5250
5253
5259
5262
5278
5280
5283
5288
5291
5295
5299
5306
5315
5321
5337
5365
5370
5383
5397
5402
5403
5409
5416
5423
5425
5429
5430
5434
5435
5436
5441
5444
5465
5472
5475
5481
5488
5495
5496
5502
5509
5510
5520
5525
5528
5530
5540
5542
5562
5564
5565
5567
5577
5578
5588
5591
5592
5597
5602
5609
5611
5615
5616
5622
5629
5642
5663
5671
5675
5679
5688
5696
5703
5712
5719
5739
5740
5757
5762
5766
5767
5772
5778
5781
5782
5795
5798
5804
5805
5814
5821
5822
5843
5856
5863
5866
5880
5884
5887
5890
5891
5898
5903
5919
5921
5922
5928
5944
5945
5946
5949
5950
5954
5959
5960
5965
5968
5969
5970
5979
5991
5992
6007
6012
6016
6030
6033
6035
6038
6051
6055
6057
6058
6062
6105
6106
6118
6123
6128
6130
6133
6137
6144
6153
6154
6155
6160
6168
6185
6192
6203
6206
6208
6212
6215
6224
6231
6232
6234
6238
6245
6254
6255
6291
6293
6302
6307
6314
6321
6322
6327
6328
6344
6346
6348
6349
6354
6358
6361
6363
6364
6379
6385
6387
6390
6391
6395
6396
6398
6407
6415
6434
6443
6450
6451
6454
6456
6462
6463
6469
6474
6483
6495
6515
6524
6545
6558
6578
6590
6592
6600
6608
6611
6612
6623
6648
6653
6657
6661
6667
6671
6672
6674
6675
6676
6696
6701
6702
6706
7002
7003
7018
7020
7024
7025
7027
7028
7031
7034
8006
8012
8013
8023
8031
8045
8046
8047
8051
8053
8061
8078
8079
8085
8092
8093
8103
8113
8121
8148
8153
8159
8165
8171
8176
8183
8188
8198
8199
8207
8208
8211
8221
8225
8234
8237
8238
8245
8250
9008
9015
9017
9018
9026
9027
9029
9030
9031
9036
9037
9042
9043
9046
9053
