0008
0009
0010
0021
0070
0081
0084
0085
0088
0096
0101
0105
0109
0112
0140
0145
0162
0210
0213
0217
0222
0224
0226
0239
0248
0250
0251
0253
0261
0264
0275
0276
0284
0304
0312
0313
0335
0337
0345
0371
0384
0390
0395
0397
0402
0405
0412
0414
0420
0422
0440
0446
0451
0454
0463
0466
0472
0473
0488
0491
0492
0502
0507
0511
0522
0525
0526
0535
0538
0553
0555
0557
0560
0572
0579
0588
0595
0612
0613
0616
0629
0631
0632
0633
0638
0646
0666
0668
0669
0670
0671
0687
0700
0723
0730
0737
0798
0801
0803
0805
0819
0828
0833
0837
0874
0878
0882
0883
0909
0912
0927
0932
0936
0939
0941
0942
0950
0953
0959
0960
0962
0966
0983
0984
0986
0992
0998
1008
1023
1025
1030
1033
1040
1049
1050
1081
1092
1105
1106
1108
1109
1114
1123
1136
1138
1147
1150
1167
1168
1172
1174
1176
1178
1188
1195
1200
1208
1218
1221
1225
1232
1236
1248
1253
1262
1266
1280
1285
1294
1328
1336
1337
1341
1344
1349
1351
1358
1366
1369
1371
1383
1388
1390
1395
1411
1412
1413
1420
1424
1425
1427
1429
1438
1442
1447
1463
1478
1479
1481
1498
1499
1501
1511
1530
1535
1554
1563
1568
1575
1578
1582
1583
1590
1593
1600
1605
1609
1624
1628
1641
1651
1652
1659
1672
1674
1676
1691
1694
1701
1705
1708
1709
1718
1722
1723
1726
1734
1735
1736
1742
1752
1757
1758
1761
1772
1789
1795
1797
1799
1806
1809
1813
1823
1832
1833
1844
1854
1859
1865
1867
1879
1884
1887
1891
1895
1897
1898
1901
1904
1909
1926
1934
1942
1945
1948
1954
1955
1961
1965
1970
1972
1976
1983
1991
1995
1998
2006
2020
2041
2047
2049
2053
2060
2061
2069
2077
2091
2093
2096
2101
2105
2106
2122
2141
2147
2149
2172
2189
2238
2247
2249
2251
2257
2260
2262
2263
2264
2277
2281
2284
2298
2304
2306
2313
2318
2322
2326
2332
2360
2370
2375
2384
2389
2416
2419
2440
2442
2443
2448
2460
2469
2472
2500
2503
2516
2517
2522
2523
2524
2529
2533
2535
2536
2545
2547
2549
2558
2568
2570
2573
2578
2584
2587
2596
2605
2631
2635
2647
2649
2652
2654
2660
2664
2666
2671
2677
2678
2685
2691
2704
2711
2713
2716
2717
2758
2760
2768
2773
2776
2779
2780
2821
2824
2826
2837
2851
2863
2871
2872
2881
2885
2899
2904
2907
2912
2913
2923
2928
2935
2945
2947
2960
2965
2969
2981
2985
2986
2991
2996
3001
3008
3013
3015
3035
3050
3054
3056
3059
3061
3073
3119
3134
3139
3154
3162
3165
3179
3180
3188
3197
3200
3203
3215
3216
3241
3246
3249
3253
3264
3266
3288
3290
3291
3299
3303
3313
3319
3322
3325
3326
3330
3337
3338
3348
3350
3354
3360
3363
3364
3368
3370
3379
3381
3384
3400
3410
3430
3434
3448
3459
3461
3467
3469
3472
3474
3477
3497
3498
3501
3516
3521
3524
3525
3534
3536
3537
3538
3547
3548
3566
3572
3579
3580
3595
3607
3616
3626
3659
3660
3686
3701
3703
3729
3730
3745
3748
3752
3769
3784
3786
3790
3795
3833
3842
3843
3845
3846
3855
3873
3878
3891
3905
3909
3919
3924
3948
3949
3959
3965
3967
3968
3976
3986
3991
3997
4004
4006
4024
4030
4068
4070
4074
4079
4082
4091
4095
4098
4105
4107
4126
4137
4143
4154
4159
4167
4177
4195
4199
4208
4211
4219
4228
4239
4258
4271
4279
4282
4291
4293
4296
4302
4303
4305
4313
4321
4322
4328
4336
4348
4356
4358
4362
4375
4377
4378
4392
4402
4406
4409
4413
4421
4430
4436
4444
4455
4464
4473
4481
4490
4492
4503
4508
4519
4522
4528
4531
4532
4533
4540
4541
4544
4552
4565
4566
4573
4580
4593
4604
4608
4632
4668
4672
4673
4694
4701
4706
4708
4712
4718
4722
4733
4734
4750
4751
4758
4761
4781
4789
4790
4794
4795
4799
4803
4813
4844
4848
4850
4863
4870
4873
4880
4883
4884
4890
4893
4898
4900
4909
5001
5002
5003
5006
5007
5010
5013
5015
5016
5079
5088
5091
5096
5100
5108
5111
5112
5119
5126
5137
5151
5156
5164
5176
5186
5191
5194
5206
5210
5213
5216
5231
5236
5238
5242
5243
5246
5247
5251
5252
5253
5260
5268
5282
5289
5292
5297
5298
5299
5300
5306
5307
5312
5338
5363
5364
5365
5372
5374
5378
5381
5383
5401
5405
5407
5410
5412
5413
5417
5427
5428
5451
5457
5458
5461
5463
5468
5474
5480
5484
5486
5489
5491
5492
5505
5507
5509
5514
5515
5519
5525
5527
5531
5535
5537
5538
5542
5543
5547
5551
5564
5565
5568
5569
5599
5613
5615
5619
5622
5626
5630
5636
5640
5651
5660
5663
5664
5675
5677
5686
5691
5692
5696
5698
5701
5702
5707
5709
5710
5719
5732
5737
5747
5748
5751
5759
5767
5770
5771
5780
5782
5789
5793
5800
5803
5806
5818
5821
5824
5826
5833
5839
5840
5855
5859
5864
5865
5870
5873
5885
5886
5887
5891
5896
5901
5909
5919
5927
5935
5943
5945
5950
5957
5958
5975
5980
5990
5991
6000
6001
6002
6014
6017
6021
6024
6055
6064
6067
6069
6073
6075
6078
6084
6088
6095
6109
6114
6123
6134
6147
6164
6168
6173
6179
6180
6185
6202
6203
6224
6226
6230
6231
6245
6256
6260
6261
6263
6264
6270
6276
6289
6292
6295
6296
6298
6301
6305
6306
6307
6317
6322
6323
6331
6343
6353
6370
6382
6387
6393
6406
6417
6419
6422
6431
6437
6453
6458
6462
6463
6474
6483
6487
6491
6497
6498
6503
6505
6509
6513
6538
6544
6559
6563
6564
6567
6568
6573
6574
6579
6581
6589
6605
6611
6623
6634
6637
6642
6644
6659
6667
6670
6672
6678
6679
6681
6683
6698
6703
7002
7013
7015
7021
7022
7024
7028
7031
7032
7038
8004
8017
8027
8045
8047
8049
8055
8074
8079
8092
8093
8107
8111
8123
8147
8157
8165
8170
8175
8190
8199
8223
8224
8225
8257
9008
9015
9019
9020
9026
9029
9046
9047
9057
