0006
0011
0024
0027
0031
0040
0041
0047
0048
0061
0063
0068
0080
0086
0100
0102
0105
0107
0133
0137
0138
0144
0145
0148
0151
0192
0201
0206
0211
0213
0217
0221
0234
0237
0244
0251
0269
0276
0277
0279
0280
0286
0298
0300
0304
0305
0311
0313
0317
0327
0338
0343
0346
0350
0363
0373
0376
0381
0383
0385
0387
0390
0391
0393
0406
0407
0414
0439
0445
0446
0448
0451
0452
0456
0475
0490
0492
0497
0502
0508
0534
0537
0543
0552
0580
0588
0590
0604
0607
0633
0641
0650
0652
0662
0665
0675
0712
0725
0734
0774
0786
0807
0810
0811
0817
0829
0830
0831
0888
0891
0895
0898
0906
0907
0916
0922
0935
0951
0959
0978
0986
0993
1001
1012
1013
1023
1024
1025
1030
1031
1033
1034
1036
1054
1062
1065
1068
1079
1083
1086
1099
1111
1113
1125
1130
1132
1142
1144
1146
1147
1148
1151
1156
1159
1173
1180
1181
1183
1188
1199
1206
1209
1219
1222
1239
1240
1258
1263
1266
1267
1279
1280
1292
1293
1300
1306
1307
1311
1313
1320
1322
1324
1340
1342
1346
1350
1372
1380
1381
1397
1401
1409
1410
1426
1429
1430
1434
1436
1439
1446
1460
1470
1474
1477
1484
1486
1493
1495
1503
1512
1513
1517
1520
1524
1531
1541
1555
1558
1565
1567
1568
1570
1579
1595
1600
1604
1605
1612
1624
1627
1631
1646
1651
1657
1658
1663
1666
1668
1672
1675
1677
1690
1696
1697
1701
1708
1742
1745
1746
1748
1749
1763
1790
1797
1800
1802
1804
1805
1808
1813
1836
1840
1842
1843
1848
1849
1871
1881
1882
1896
1903
1904
1906
1916
1920
1926
1930
1931
1944
1946
1947
1952
1954
1957
1961
1966
1969
1974
1989
1996
1998
2000
2007
2021
2022
2027
2041
2049
2060
2068
2090
2094
2106
2118
2124
2133
2149
2151
2156
2177
2202
2203
2209
2240
2252
2264
2265
2280
2281
2282
2287
2298
2299
2301
2302
2303
2305
2309
2316
2320
2325
2358
2360
2370
2371
2381
2384
2386
2389
2399
2405
2407
2412
2429
2431
2433
2447
2451
2452
2454
2460
2478
2481
2486
2493
2499
2500
2504
2515
2519
2524
2534
2549
2552
2559
2573
2574
2577
2581
2596
2599
2620
2624
2635
2658
2673
2683
2692
2693
2704
2707
2709
2714
2718
2719
2755
2756
2773
2776
2777
2785
2791
2820
2825
2826
2837
2855
2880
2892
2904
2916
2917
2919
2927
2935
2952
2957
2961
2973
2984
2991
2998
3015
3035
3050
3053
3059
3069
3074
3082
3100
3101
3110
3121
3134
3135
3136
3151
3165
3169
3173
3180
3186
3197
3210
3239
3249
3250
3253
3272
3279
3290
3300
3305
3314
3315
3317
3336
3350
3354
3369
3379
3382
3384
3390
3401
3404
3418
3430
3438
3443
3446
3454
3461
3463
3467
3469
3474
3478
3479
3485
3487
3495
3516
3524
3525
3527
3528
3533
3546
3547
3551
3553
3562
3563
3566
3580
3583
3586
3594
3595
3601
3604
3632
3638
3639
3659
3661
3694
3703
3706
3716
3719
3724
3729
3734
3737
3755
3756
3763
3769
3776
3789
3806
3820
3829
3834
3841
3853
3855
3862
3866
3885
3891
3895
3901
3903
3929
3942
3944
3951
3953
3954
3957
3959
3973
3974
3992
4001
4011
4017
4026
4027
4036
4037
4043
4046
4048
4082
4094
4095
4106
4114
4115
4128
4134
4136
4137
4138
4139
4148
4149
4150
4156
4168
4172
4181
4182
4193
4220
4239
4243
4254
4259
4274
4281
4282
4283
4285
4290
4294
4302
4305
4322
4323
4336
4338
4356
4369
4377
4385
4386
4394
4401
4421
4422
4434
4471
4484
4485
4492
4495
4501
4511
4520
4527
4533
4534
4536
4537
4544
4546
4550
4560
4563
4566
4581
4594
4599
4602
4621
4630
4632
4635
4651
4672
4691
4697
4718
4721
4726
4727
4730
4731
4737
4756
4761
4766
4791
4793
4797
4798
4803
4810
4820
4825
4833
4843
4850
4862
4864
4866
4873
4884
4885
4902
4909
4910
5003
5005
5007
5009
5012
5013
5021
5041
5042
5094
5102
5107
5110
5117
5118
5124
5138
5139
5151
5153
5161
5167
5168
5170
5171
5174
5175
5182
5187
5198
5212
5215
5217
5218
5222
5240
5242
5243
5244
5249
5259
5277
5279
5283
5288
5295
5300
5307
5325
5327
5332
5334
5364
5379
5381
5384
5388
5391
5395
5397
5399
5401
5402
5412
5419
5442
5455
5457
5467
5468
5469
5480
5491
5499
5509
5510
5511
5515
5519
5520
5525
5528
5541
5547
5563
5569
5571
5575
5577
5580
5584
5591
5597
5599
5600
5602
5603
5608
5609
5612
5618
5619
5623
5630
5640
5642
5645
5654
5655
5671
5676
5684
5690
5698
5701
5704
5709
5711
5717
5718
5732
5739
5751
5757
5768
5770
5772
5777
5778
5789
5790
5795
5796
5797
5801
5808
5818
5833
5835
5843
5868
5870
5884
5890
5891
5897
5900
5902
5904
5907
5913
5937
5938
5946
5949
5954
5955
5960
5969
5977
5990
6022
6027
6050
6053
6059
6061
6063
6064
6065
6067
6091
6095
6105
6110
6116
6117
6120
6138
6148
6150
6152
6154
6169
6202
6211
6213
6215
6217
6220
6222
6223
6228
6230
6232
6238
6243
6262
6267
6270
6275
6278
6288
6293
6295
6296
6304
6306
6307
6319
6322
6334
6335
6337
6343
6344
6349
6357
6359
6363
6367
6375
6392
6393
6398
6401
6412
6419
6435
6436
6441
6446
6449
6455
6461
6463
6464
6481
6482
6485
6487
6488
6489
6490
6491
6493
6496
6505
6514
6519
6520
6540
6546
6548
6558
6562
6564
6565
6566
6574
6577
6578
6581
6583
6585
6588
6601
6602
6609
6611
6612
6623
6627
6628
6635
6645
6648
6654
6659
6667
6668
6669
6675
6678
6681
6686
6695
6701
6703
6709
7001
7005
7012
7013
7015
7016
7022
7024
7029
7033
7034
7036
7037
8004
8008
8010
8016
8020
8022
8027
8028
8033
8037
8046
8049
8053
8061
8062
8074
8094
8103
8107
8115
8120
8122
8130
8142
8144
8168
8170
8175
8177
8199
8204
8218
8237
8256
8259
8260
9001
9015
9046
