0004
0005
0012
0014
0015
0024
0030
0031
0044
0045
0056
0063
0076
0083
0107
0111
0113
0117
0140
0145
0168
0187
0192
0205
0207
0208
0209
0216
0224
0225
0227
0228
0237
0244
0250
0254
0261
0264
0265
0275
0279
0283
0284
0290
0291
0293
0302
0310
0316
0328
0330
0338
0350
0352
0353
0357
0360
0365
0374
0387
0391
0393
0396
0397
0401
0405
0417
0418
0422
0429
0436
0439
0452
0454
0462
0476
0478
0498
0501
0505
0507
0508
0518
0532
0542
0543
0551
0555
0561
0602
0607
0612
0618
0647
0651
0663
0672
0685
0691
0692
0718
0731
0750
0774
0778
0795
0797
0803
0806
0810
0815
0829
0832
0839
0843
0844
0845
0848
0857
0874
0887
0899
0909
0911
0922
0923
0932
0933
0942
0948
0950
0952
0957
0965
0966
0974
0977
0981
0991
1000
1002
1008
1015
1020
1021
1022
1023
1024
1028
1052
1054
1065
1066
1067
1081
1085
1089
1095
1097
1099
1108
1109
1120
1125
1126
1129
1132
1133
1137
1144
1151
1156
1161
1164
1166
1168
1171
1172
1178
1180
1185
1188
1191
1203
1204
1207
1217
1221
1222
1225
1231
1238
1240
1254
1255
1266
1272
1279
1301
1304
1307
1320
1322
1327
1334
1335
1346
1347
1349
1358
1366
1368
1379
1381
1383
1390
1394
1404
1409
1412
1423
1428
1429
1438
1444
1447
1451
1477
1478
1485
1520
1531
1532
1548
1553
1565
1570
1579
1593
1610
1616
1621
1633
1641
1642
1652
1658
1659
1660
1662
1674
1691
1693
1696
1697
1705
1716
1725
1726
1734
1735
1742
1746
1747
1763
1765
1768
1770
1777
1781
1786
1788
1800
1803
1809
1830
1842
1844
1867
1871
1876
1880
1885
1894
1897
1910
1913
1947
1953
1958
1965
1967
1985
1992
1999
2000
2004
2006
2010
2011
2021
2028
2045
2055
2057
2059
2061
2063
2077
2081
2092
2097
2098
2108
2117
2134
2149
2158
2170
2191
2202
2209
2233
2247
2251
2260
2265
2270
2273
2282
2287
2289
2291
2296
2300
2302
2306
2311
2322
2326
2327
2334
2338
2355
2358
2364
2365
2369
2370
2371
2375
2386
2407
2419
2422
2423
2435
2440
2448
2451
2467
2468
2477
2492
2500
2509
2510
2514
2516
2521
2529
2531
2538
2555
2558
2560
2561
2575
2585
2593
2603
2604
2612
2619
2624
2630
2632
2649
2654
2655
2658
2661
2672
2673
2675
2683
2688
2700
2706
2707
2734
2735
2740
2744
2747
2754
2755
2757
2760
2770
2785
2791
2855
2879
2884
2892
2899
2914
2918
2933
2936
2942
2957
2976
2981
2986
2995
3017
3020
3032
3042
3051
3056
3066
3072
3103
3110
3113
3121
3124
3135
3136
3146
3149
3154
3158
3160
3169
3179
3185
3186
3192
3201
3203
3212
3251
3268
3270
3278
3310
3325
3332
3339
3344
3348
3350
3359
3362
3379
3390
3398
3404
3422
3425
3427
3428
3442
3445
3448
3449
3454
3455
3474
3476
3477
3478
3483
3492
3496
3523
3526
3527
3532
3533
3546
3547
3554
3560
3579
3603
3610
3616
3617
3627
3631
3655
3660
3661
3669
3675
3685
3686
3713
3719
3724
3726
3727
3734
3737
3755
3762
3763
3768
3769
3772
3791
3803
3809
3821
3840
3861
3880
3882
3891
3894
3896
3898
3903
3910
3918
3923
3925
3928
3930
3942
3954
3956
3957
3961
3965
3967
3970
3983
3984
3986
3991
3996
3999
4008
4010
4011
4032
4041
4044
4046
4056
4091
4094
4098
4100
4114
4117
4122
4123
4124
4131
4134
4135
4137
4138
4148
4151
4156
4169
4178
4179
4180
4181
4182
4186
4192
4204
4220
4224
4227
4242
4243
4244
4250
4251
4263
4274
4277
4283
4295
4305
4306
4310
4313
4321
4327
4331
4342
4346
4347
4360
4361
4382
4385
4392
4402
4405
4407
4413
4417
4418
4443
4446
4466
4481
4483
4485
4489
4498
4501
4503
4508
4514
4515
4528
4536
4554
4579
4581
4582
4584
4589
4592
4594
4599
4601
4604
4625
4627
4631
4640
4654
4674
4676
4718
4721
4730
4761
4772
4774
4778
4781
4789
4791
4793
4796
4801
4803
4812
4817
4826
4844
4848
4861
4882
4884
4885
4886
4888
4898
4899
4900
4901
4902
4905
4906
4907
4910
5004
5010
5021
5031
5036
5097
5102
5106
5107
5112
5118
5128
5149
5155
5167
5169
5173
5177
5178
5181
5207
5219
5222
5231
5232
5244
5251
5260
5271
5277
5283
5298
5304
5305
5317
5322
5327
5341
5362
5363
5365
5375
5381
5403
5412
5423
5428
5429
5435
5438
5442
5447
5454
5458
5468
5477
5488
5490
5493
5494
5502
5503
5505
5507
5511
5518
5523
5525
5535
5537
5555
5557
5561
5566
5568
5582
5592
5596
5603
5605
5609
5610
5612
5615
5618
5622
5623
5626
5629
5630
5645
5654
5655
5656
5658
5660
5662
5677
5681
5683
5690
5693
5704
5711
5712
5723
5729
5746
5757
5765
5776
5777
5782
5784
5789
5790
5792
5798
5805
5808
5814
5821
5824
5831
5832
5851
5873
5875
5878
5880
5884
5889
5891
5896
5903
5927
5939
5943
5947
5954
5958
5964
5965
5966
5967
5974
5976
5977
5980
5986
5989
5990
5993
6008
6010
6017
6024
6039
6083
6103
6109
6116
6122
6126
6130
6143
6161
6169
6189
6195
6199
6202
6211
6212
6213
6228
6230
6235
6238
6262
6264
6265
6271
6289
6293
6301
6307
6310
6323
6335
6337
6343
6346
6348
6353
6359
6361
6362
6364
6367
6379
6382
6385
6386
6391
6397
6400
6415
6424
6440
6443
6444
6446
6449
6450
6453
6456
6465
6471
6472
6474
6478
6483
6484
6489
6495
6504
6513
6516
6525
6529
6538
6540
6545
6559
6582
6583
6592
6600
6601
6621
6627
6640
6645
6648
6651
6655
6660
6661
6666
6668
6669
6675
6682
6694
6709
7003
7007
7011
7013
7015
7016
7020
7021
7025
7026
7027
7029
8006
8012
8013
8015
8020
8025
8037
8038
8046
8047
8053
8060
8078
8081
8094
8097
8110
8115
8125
8132
8162
8201
8207
8212
8215
8216
8220
8223
8234
8250
8261
9005
9008
9018
9020
9027
9029
9030
9038
