0005
0008
0010
0014
0015
0016
0021
0027
0029
0030
0031
0038
0041
0047
0053
0054
0056
0060
0062
0064
0070
0072
0080
0085
0088
0095
0098
0103
0115
0121
0137
0146
0153
0157
0162
0168
0172
0192
0195
0199
0201
0202
0204
0205
0211
0213
0224
0225
0240
0250
0251
0253
0260
0264
0267
0271
0275
0283
0291
0297
0315
0330
0335
0337
0359
0362
0374
0376
0380
0390
0391
0397
0398
0403
0405
0406
0412
0413
0445
0450
0452
0454
0455
0463
0467
0477
0487
0488
0489
0497
0507
0517
0522
0557
0574
0580
0588
0590
0591
0601
0602
0610
0614
0618
0629
0641
0642
0652
0662
0663
0675
0685
0697
0700
0706
0712
0718
0723
0725
0730
0759
0767
0769
0778
0782
0804
0805
0807
0822
0828
0829
0830
0831
0832
0833
0834
0835
0839
0863
0874
0878
0882
0883
0884
0888
0891
0957
0967
0990
0991
0994
1024
1046
1054
1121
1122
1126
1138
1143
1144
1146
1160
1161
1167
1175
1180
1181
1183
1188
1195
1232
1253
1255
1263
1275
1288
1291
1303
1314
1315
1317
1320
1326
1328
1335
1348
1352
1370
1371
1388
1392
1396
1398
1401
1420
1421
1424
1429
1430
1436
1440
1441
1444
1455
1460
1463
1470
1474
1477
1505
1507
1509
1513
1515
1519
1522
1524
1532
1533
1538
1560
1563
1576
1578
1590
1591
1592
1605
1609
1614
1620
1641
1647
1651
1656
1658
1663
1669
1671
1682
1684
1708
1714
1717
1722
1723
1724
1726
1732
1749
1750
1763
1770
1784
1797
1811
1838
1842
1863
1866
1867
1881
1884
1889
1906
1909
1910
1916
1935
1972
1982
1988
1997
2048
2060
2061
2068
2088
2100
2120
2122
2123
2124
2125
2127
2129
2131
2134
2136
2139
2149
2163
2166
2169
2173
2187
2194
2202
2204
2207
2224
2258
2259
2272
2280
2282
2284
2306
2321
2336
2337
2339
2356
2358
2362
2371
2398
2399
2412
2415
2429
2431
2435
2454
2455
2456
2458
2468
2487
2519
2526
2528
2531
2535
2536
2540
2543
2549
2556
2563
2569
2577
2585
2617
2620
2626
2632
2642
2652
2654
2655
2664
2678
2692
2704
2716
2718
2755
2794
2795
2802
2820
2834
2848
2885
2899
2905
2908
2938
2942
2945
2956
2957
2976
2981
2996
3026
3067
3074
3101
3111
3112
3118
3122
3136
3149
3153
3164
3171
3172
3173
3179
3186
3201
3203
3217
3244
3248
3250
3266
3271
3275
3276
3278
3290
3291
3305
3309
3312
3314
3315
3321
3322
3327
3331
3335
3345
3351
3354
3360
3369
3370
3377
3384
3420
3423
3433
3434
3438
3440
3442
3445
3446
3447
3449
3454
3455
3456
3457
3459
3460
3461
3469
3471
3476
3501
3503
3519
3521
3524
3525
3543
3554
3555
3562
3563
3585
3591
3594
3604
3610
3618
3619
3673
3675
3698
3733
3749
3750
3769
3772
3776
3791
3795
3815
3817
3819
3821
3846
3849
3859
3865
3872
3873
3874
3882
3885
3903
3919
3923
3929
3937
3956
3961
3981
3991
3994
3998
4001
4003
4005
4025
4031
4036
4069
4082
4091
4105
4107
4126
4151
4156
4176
4204
4216
4224
4231
4250
4255
4256
4259
4262
4268
4279
4281
4282
4283
4290
4293
4294
4296
4297
4299
4303
4305
4306
4313
4322
4323
4325
4326
4331
4332
4335
4336
4342
4345
4346
4348
4350
4353
4358
4362
4369
4384
4385
4395
4399
4401
4406
4407
4411
4413
4414
4417
4418
4419
4421
4422
4436
4438
4442
4443
4444
4445
4447
4451
4463
4484
4486
4492
4498
4501
4505
4506
4507
4514
4515
4519
4520
4522
4523
4531
4546
4550
4554
4558
4564
4574
4583
4590
4599
4602
4603
4604
4615
4621
4635
4681
4708
4730
4758
4762
4766
4769
4774
4777
4808
4817
4818
4862
4870
4873
4874
4875
4892
4893
4909
4910
4911
4913
5001
5002
5007
5012
5014
5018
5019
5021
5022
5030
5031
5041
5079
5080
5081
5085
5087
5090
5096
5106
5107
5108
5110
5111
5124
5125
5141
5142
5150
5153
5161
5164
5167
5168
5171
5179
5187
5188
5189
5191
5194
5221
5222
5231
5243
5244
5245
5246
5247
5252
5255
5268
5270
5271
5272
5277
5278
5281
5282
5294
5295
5297
5298
5305
5307
5312
5316
5317
5322
5325
5328
5334
5337
5338
5339
5341
5360
5363
5366
5368
5374
5383
5392
5400
5402
5404
5407
5409
5414
5415
5422
5423
5427
5432
5434
5439
5442
5458
5463
5482
5491
5512
5516
5520
5521
5525
5531
5535
5540
5542
5560
5569
5576
5580
5582
5591
5592
5597
5599
5603
5608
5615
5618
5623
5630
5631
5638
5647
5655
5675
5692
5693
5713
5718
5729
5740
5746
5763
5776
5780
5781
5784
5790
5794
5796
5797
5803
5804
5807
5815
5821
5833
5843
5846
5856
5870
5883
5885
5899
5904
5907
5913
5924
5927
5969
5970
5972
5976
5990
5997
6002
6008
6011
6021
6037
6041
6043
6045
6049
6051
6053
6058
6060
6061
6065
6070
6072
6085
6088
6098
6105
6111
6116
6120
6127
6133
6134
6144
6158
6159
6165
6169
6180
6183
6205
6206
6210
6232
6266
6302
6307
6317
6321
6324
6334
6355
6358
6363
6365
6382
6383
6384
6395
6408
6412
6415
6416
6427
6431
6434
6435
6443
6460
6462
6466
6471
6474
6477
6478
6486
6510
6511
6514
6523
6544
6545
6546
6563
6565
6571
6573
6582
6597
6609
6610
6626
6628
6629
6630
6634
6636
6644
6645
6648
6670
6682
6683
6686
7002
7003
7005
7006
7007
7008
7009
7011
7016
7017
7018
7019
7024
7025
7027
7034
7035
7036
7037
8003
8004
8006
8008
8013
8016
8020
8022
8023
8025
8027
8033
8036
8037
8039
8043
8046
8047
8055
8062
8067
8074
8077
8090
8091
8092
8094
8108
8109
8118
8119
8121
8123
8125
8127
8130
8132
8138
8144
8145
8148
8153
8155
8165
8168
8171
8173
8174
8190
8193
8198
8199
8201
8202
8204
8205
8208
8216
8218
8220
8225
8226
8227
8231
8235
8236
8237
8238
8246
8256
8261
9004
9015
9018
9019
9022
9024
9035
9037
9045
9049
9057
