0005
0009
0010
0014
0015
0016
0041
0047
0064
0083
0088
0095
0097
0101
0103
0107
0115
0116
0117
0132
0137
0138
0143
0145
0150
0153
0170
0193
0194
0195
0199
0202
0205
0208
0212
0227
0240
0244
0248
0251
0254
0258
0271
0302
0324
0328
0330
0332
0335
0338
0343
0354
0359
0362
0376
0384
0387
0389
0390
0399
0400
0405
0406
0412
0423
0424
0439
0440
0442
0446
0454
0455
0458
0475
0476
0477
0488
0489
0490
0511
0522
0570
0571
0590
0591
0599
0607
0610
0613
0618
0652
0672
0691
0718
0765
0804
0822
0874
0878
0882
0957
0967
0991
1003
1015
1024
1031
1038
1046
1061
1114
1122
1123
1125
1130
1134
1137
1138
1143
1144
1146
1150
1161
1195
1218
1223
1248
1252
1253
1263
1285
1288
1292
1306
1317
1326
1327
1335
1348
1352
1366
1368
1371
1388
1390
1397
1398
1400
1401
1411
1420
1421
1422
1427
1429
1439
1440
1447
1454
1455
1463
1470
1477
1493
1504
1505
1524
1537
1548
1558
1560
1562
1563
1573
1576
1584
1595
1612
1614
1615
1616
1631
1641
1642
1647
1652
1655
1661
1662
1665
1666
1667
1691
1693
1699
1703
1708
1712
1717
1722
1724
1732
1736
1749
1770
1788
1790
1797
1805
1835
1837
1838
1873
1882
1946
1952
1956
1958
1960
1961
1976
1977
1979
1988
2000
2013
2020
2025
2041
2051
2055
2061
2074
2092
2094
2120
2123
2131
2160
2191
2240
2258
2259
2264
2272
2280
2282
2284
2287
2291
2296
2306
2316
2317
2318
2321
2322
2323
2325
2327
2336
2339
2355
2356
2358
2362
2371
2398
2399
2407
2412
2415
2426
2429
2431
2435
2437
2440
2441
2448
2485
2487
2489
2495
2497
2498
2513
2518
2528
2531
2535
2540
2543
2556
2560
2567
2568
2577
2585
2596
2614
2624
2628
2631
2632
2654
2664
2672
2678
2686
2691
2702
2716
2718
2747
2756
2757
2770
2794
2795
2798
2812
2821
2826
2834
2847
2848
2872
2876
2884
2885
2894
2904
2912
2919
2923
2938
2942
2947
2956
2957
2965
2969
2981
2996
2998
3017
3026
3035
3036
3050
3076
3096
3101
3111
3155
3158
3185
3203
3244
3248
3251
3264
3268
3276
3299
3327
3330
3332
3348
3352
3370
3377
3381
3396
3420
3423
3433
3442
3445
3447
3454
3457
3471
3498
3503
3524
3525
3558
3562
3579
3583
3591
3594
3621
3630
3638
3660
3669
3675
3701
3749
3752
3769
3772
3791
3795
3811
3819
3821
3846
3849
3865
3878
3885
3894
3919
3924
3957
3965
3981
3991
3995
3997
3998
4001
4003
4005
4027
4028
4036
4062
4066
4071
4082
4091
4094
4095
4105
4111
4126
4137
4138
4150
4151
4193
4199
4216
4219
4224
4231
4233
4242
4250
4251
4274
4279
4281
4283
4293
4294
4296
4302
4303
4305
4313
4317
4323
4325
4335
4336
4345
4346
4353
4356
4362
4369
4370
4380
4395
4399
4400
4411
4413
4417
4419
4421
4422
4436
4442
4443
4449
4451
4484
4505
4506
4508
4511
4514
4531
4539
4546
4550
4564
4578
4580
4581
4590
4595
4602
4604
4608
4615
4616
4621
4635
4638
4681
4690
4697
4706
4708
4710
4762
4774
4777
4778
4799
4811
4848
4850
4855
4859
4862
4866
4869
4870
4873
4874
4875
4884
4885
4891
4892
4893
4898
4906
4909
4910
4915
5001
5002
5003
5004
5012
5013
5014
5018
5028
5029
5031
5033
5036
5079
5081
5090
5091
5093
5094
5095
5099
5106
5107
5108
5109
5116
5118
5125
5128
5130
5131
5132
5136
5140
5141
5142
5153
5156
5164
5167
5178
5179
5187
5188
5192
5197
5204
5206
5207
5208
5222
5224
5243
5244
5246
5247
5252
5255
5256
5260
5268
5270
5271
5272
5277
5278
5280
5294
5295
5298
5302
5307
5316
5317
5321
5326
5327
5328
5330
5333
5334
5335
5337
5339
5341
5363
5364
5368
5374
5383
5392
5395
5400
5412
5415
5422
5426
5432
5439
5441
5442
5454
5455
5457
5463
5469
5491
5512
5514
5520
5521
5531
5535
5541
5542
5547
5567
5571
5573
5580
5584
5591
5592
5596
5599
5600
5603
5605
5618
5623
5625
5629
5630
5648
5655
5663
5679
5681
5683
5691
5692
5693
5710
5711
5713
5716
5718
5719
5723
5729
5740
5744
5749
5764
5765
5767
5768
5776
5794
5795
5811
5815
5821
5843
5846
5848
5851
5856
5865
5870
5883
5884
5885
5907
5913
5919
5924
5928
5932
5935
5955
5958
5970
5975
5976
5979
5980
5990
5993
5997
5999
6000
6009
6033
6045
6049
6050
6058
6059
6060
6063
6065
6070
6075
6081
6085
6088
6108
6109
6111
6116
6117
6120
6124
6125
6127
6132
6134
6139
6144
6154
6159
6160
6163
6165
6169
6176
6180
6183
6195
6203
6205
6206
6209
6210
6213
6216
6218
6224
6232
6235
6241
6245
6260
6262
6264
6274
6286
6291
6293
6302
6304
6307
6319
6321
6324
6325
6331
6333
6334
6335
6338
6345
6352
6355
6358
6363
6365
6371
6377
6384
6389
6395
6396
6403
6406
6407
6412
6416
6426
6427
6431
6436
6443
6444
6454
6460
6462
6463
6466
6474
6477
6481
6486
6492
6503
6509
6510
6511
6513
6518
6523
6544
6546
6565
6574
6577
6581
6582
6585
6591
6595
6597
6609
6610
6616
6626
6628
6630
6634
6636
6637
6644
6645
6653
6659
6663
6668
6682
6686
6688
6699
6703
6706
6707
7002
7003
7005
7006
7007
7008
7009
7010
7011
7012
7017
7018
7019
7020
7022
7023
7025
7026
7027
7028
7030
7031
7032
7034
7035
7037
8003
8004
8010
8015
8018
8020
8022
8033
8034
8036
8037
8038
8043
8046
8048
8050
8051
8054
8060
8062
8069
8074
8076
8077
8078
8081
8091
8094
8097
8103
8108
8110
8112
8113
8115
8118
8119
8121
8123
8125
8130
8131
8132
8138
8142
8144
8145
8148
8165
8168
8170
8173
8174
8177
8182
8183
8190
8193
8198
8199
8205
8208
8211
8212
8215
8218
8220
8221
8223
8225
8227
8231
8234
8235
8236
8237
8238
8240
8245
8246
8259
8261
9015
9019
9022
9026
9035
9037
9049
