0010
0024
0041
0045
0047
0050
0054
0057
0058
0060
0062
0064
0083
0087
0090
0099
0101
0103
0108
0118
0126
0133
0145
0153
0157
0201
0202
0205
0224
0225
0227
0270
0277
0305
0320
0331
0336
0337
0346
0348
0352
0354
0360
0372
0373
0378
0379
0382
0387
0389
0390
0392
0407
0417
0423
0432
0436
0442
0454
0455
0461
0474
0475
0477
0487
0498
0505
0511
0512
0514
0518
0520
0521
0522
0532
0534
0546
0551
0552
0560
0568
0573
0577
0585
0588
0590
0591
0594
0599
0602
0605
0612
0621
0640
0652
0662
0665
0668
0669
0674
0682
0685
0700
0702
0707
0714
0718
0722
0725
0731
0748
0759
0779
0782
0795
0805
0809
0821
0828
0874
0888
0910
0916
0921
0931
0932
0935
0946
0965
0966
0967
0984
0986
0990
0992
0998
1009
1012
1016
1035
1036
1053
1057
1060
1062
1066
1083
1086
1088
1095
1097
1106
1111
1121
1129
1132
1133
1134
1141
1142
1143
1144
1146
1148
1154
1169
1171
1173
1174
1181
1183
1184
1191
1194
1206
1208
1220
1223
1229
1246
1254
1258
1267
1277
1278
1281
1295
1296
1303
1304
1317
1335
1336
1340
1350
1352
1372
1379
1381
1394
1395
1397
1398
1401
1409
1411
1417
1422
1423
1430
1434
1436
1442
1454
1455
1457
1470
1474
1486
1490
1493
1499
1502
1503
1505
1522
1531
1533
1558
1569
1588
1596
1597
1614
1616
1627
1642
1644
1649
1652
1656
1659
1669
1671
1674
1682
1697
1705
1716
1717
1721
1727
1733
1735
1738
1748
1757
1762
1765
1768
1781
1784
1785
1786
1790
1797
1800
1805
1808
1818
1832
1845
1849
1863
1865
1868
1887
1888
1898
1899
1903
1904
1910
1925
1956
1960
1962
1965
1966
1972
1982
1983
1986
1995
1999
2001
2004
2006
2012
2022
2029
2032
2054
2055
2058
2059
2063
2069
2085
2091
2094
2105
2106
2109
2122
2127
2131
2133
2163
2166
2169
2172
2187
2191
2254
2256
2261
2269
2271
2282
2298
2299
2306
2312
2320
2327
2330
2338
2345
2367
2376
2379
2385
2398
2416
2419
2429
2431
2442
2447
2450
2456
2461
2462
2478
2480
2481
2489
2504
2521
2530
2540
2544
2547
2556
2559
2560
2561
2563
2567
2569
2584
2585
2593
2613
2620
2622
2624
2635
2640
2642
2651
2660
2663
2664
2683
2688
2702
2704
2706
2707
2709
2711
2713
2719
2736
2745
2755
2776
2779
2781
2792
2798
2811
2824
2828
2851
2854
2857
2871
2878
2881
2894
2905
2907
2912
2917
2939
2942
2943
2946
2981
2984
2986
2999
3032
3052
3054
3057
3059
3067
3102
3103
3124
3125
3143
3146
3149
3151
3152
3164
3171
3172
3173
3182
3193
3212
3215
3249
3254
3256
3265
3271
3272
3279
3306
3315
3316
3319
3321
3334
3335
3363
3364
3375
3376
3382
3384
3396
3403
3413
3422
3424
3427
3430
3438
3442
3443
3456
3472
3488
3516
3521
3525
3529
3532
3535
3536
3537
3538
3540
3541
3560
3571
3572
3573
3594
3603
3604
3614
3616
3620
3622
3626
3631
3632
3652
3659
3669
3693
3697
3698
3701
3707
3713
3721
3726
3727
3729
3747
3772
3786
3789
3801
3803
3817
3819
3820
3840
3845
3849
3853
3858
3862
3863
3866
3883
3885
3895
3898
3905
3909
3910
3916
3925
3928
3956
3958
3961
3976
3977
3982
3983
3985
3997
3999
4011
4017
4020
4031
4039
4040
4045
4048
4055
4066
4067
4085
4095
4100
4101
4122
4123
4124
4135
4138
4139
4142
4146
4148
4149
4159
4167
4186
4187
4208
4232
4237
4245
4246
4251
4258
4260
4262
4267
4282
4283
4284
4287
4289
4303
4321
4327
4331
4344
4347
4350
4364
4370
4376
4378
4379
4380
4382
4390
4395
4401
4402
4407
4408
4422
4432
4434
4442
4446
4464
4481
4490
4492
4506
4519
4525
4528
4534
4546
4547
4565
4574
4578
4583
4594
4598
4602
4610
4627
4631
4654
4682
4692
4698
4700
4706
4709
4716
4736
4738
4751
4756
4759
4761
4769
4774
4788
4789
4808
4811
4817
4820
4833
4854
4855
4866
4869
4873
4874
4880
4885
4888
4890
4900
4911
4914
5005
5015
5019
5022
5068
5091
5117
5121
5131
5132
5137
5140
5145
5149
5150
5151
5168
5171
5177
5181
5182
5186
5189
5191
5194
5197
5212
5214
5221
5222
5227
5228
5229
5237
5242
5245
5253
5256
5265
5269
5271
5275
5277
5280
5283
5287
5298
5305
5312
5316
5325
5333
5362
5363
5366
5372
5375
5384
5385
5389
5395
5413
5416
5425
5427
5439
5442
5450
5453
5457
5462
5475
5487
5490
5492
5501
5511
5518
5523
5534
5537
5538
5550
5562
5567
5582
5585
5591
5598
5601
5615
5622
5625
5626
5631
5647
5671
5675
5677
5679
5685
5692
5695
5712
5717
5719
5723
5725
5727
5736
5739
5744
5745
5753
5765
5767
5770
5771
5780
5782
5807
5823
5832
5839
5843
5846
5848
5854
5855
5856
5857
5859
5865
5873
5875
5892
5903
5907
5921
5922
5924
5933
5941
5945
5956
5964
5965
5986
5992
5995
5998
6000
6003
6020
6022
6023
6024
6038
6040
6051
6057
6058
6062
6065
6070
6073
6089
6098
6108
6116
6117
6118
6126
6130
6136
6143
6144
6146
6151
6153
6158
6161
6165
6189
6192
6194
6210
6211
6221
6226
6231
6242
6243
6263
6264
6269
6271
6283
6291
6306
6321
6324
6325
6326
6330
6337
6343
6345
6347
6349
6351
6353
6363
6365
6370
6372
6373
6383
6384
6386
6391
6396
6397
6398
6402
6405
6406
6412
6417
6427
6432
6446
6447
6462
6465
6471
6472
6481
6482
6487
6489
6492
6510
6511
6512
6514
6515
6516
6530
6552
6559
6569
6589
6592
6594
6597
6611
6613
6617
6640
6653
6657
6663
6670
6675
6682
6694
6698
6701
7001
7006
7016
7028
7033
7035
7036
8009
8017
8020
8028
8029
8043
8050
8055
8062
8069
8076
8091
8108
8111
8112
8113
8118
8121
8133
8141
8148
8159
8164
8165
8171
8173
8216
8223
8227
8231
8235
8260
9012
9021
9024
9035
9038
9042
9043
9045
9046
9057
