0010
0016
0029
0030
0035
0038
0040
0045
0051
0060
0063
0091
0103
0108
0126
0129
0140
0146
0160
0163
0164
0170
0176
0187
0192
0201
0212
0213
0254
0259
0264
0290
0300
0307
0313
0317
0320
0330
0340
0346
0353
0358
0360
0373
0376
0379
0382
0384
0386
0395
0397
0402
0405
0417
0428
0440
0442
0454
0462
0464
0466
0467
0475
0478
0488
0490
0491
0513
0526
0540
0542
0543
0554
0557
0559
0570
0571
0577
0585
0591
0600
0611
0612
0630
0642
0646
0653
0663
0671
0692
0698
0725
0734
0743
0748
0795
0809
0817
0824
0863
0868
0882
0890
0896
0898
0909
0911
0916
0937
0938
0941
0946
0952
0966
0971
0984
0988
1000
1001
1014
1016
1033
1036
1040
1060
1080
1085
1086
1092
1100
1114
1120
1125
1137
1147
1148
1150
1152
1165
1168
1173
1174
1179
1182
1196
1203
1206
1213
1217
1222
1224
1231
1245
1246
1247
1248
1251
1267
1272
1275
1276
1277
1279
1280
1307
1309
1315
1324
1327
1328
1336
1340
1341
1352
1366
1368
1400
1415
1432
1433
1457
1468
1469
1470
1474
1477
1484
1498
1501
1502
1511
1517
1520
1521
1523
1528
1534
1535
1548
1552
1556
1562
1563
1567
1573
1574
1578
1591
1598
1607
1612
1618
1627
1641
1645
1650
1654
1657
1659
1660
1666
1672
1699
1705
1707
1709
1718
1725
1736
1738
1754
1756
1760
1765
1770
1775
1781
1789
1803
1814
1819
1833
1838
1844
1852
1860
1862
1865
1866
1868
1869
1873
1885
1887
1892
1893
1901
1909
1910
1917
1918
1926
1930
1941
1942
1946
1948
1959
1960
1965
1971
1972
1974
1979
1989
1991
1999
2001
2007
2008
2022
2026
2038
2041
2051
2053
2058
2068
2071
2077
2084
2090
2096
2120
2122
2131
2134
2139
2149
2163
2189
2194
2233
2254
2257
2260
2265
2269
2282
2291
2294
2296
2301
2305
2307
2308
2311
2312
2321
2339
2345
2364
2370
2371
2376
2381
2389
2398
2418
2428
2456
2457
2460
2467
2481
2490
2495
2503
2518
2520
2528
2540
2542
2544
2545
2552
2554
2555
2558
2560
2561
2568
2605
2654
2660
2663
2671
2672
2683
2688
2692
2701
2702
2709
2711
2713
2714
2736
2738
2742
2744
2754
2756
2761
2774
2779
2785
2791
2792
2795
2825
2847
2854
2880
2884
2885
2894
2905
2913
2916
2926
2937
2942
2962
2981
2997
2999
3006
3008
3015
3032
3039
3047
3062
3073
3079
3095
3112
3134
3137
3146
3150
3161
3164
3165
3185
3193
3196
3220
3230
3246
3253
3272
3280
3292
3294
3302
3303
3309
3313
3318
3326
3332
3334
3335
3338
3345
3350
3359
3363
3381
3384
3389
3390
3396
3398
3404
3410
3420
3424
3427
3434
3445
3448
3454
3455
3456
3457
3463
3464
3465
3472
3484
3519
3524
3528
3529
3532
3533
3538
3551
3556
3557
3566
3571
3580
3582
3583
3601
3607
3608
3615
3617
3625
3627
3635
3660
3670
3689
3691
3721
3722
3724
3728
3743
3745
3747
3756
3763
3769
3772
3791
3797
3801
3810
3812
3815
3817
3822
3830
3858
3882
3891
3894
3905
3925
3931
3937
3944
3946
3949
3954
3964
3965
3973
3977
3981
4006
4007
4010
4017
4026
4034
4043
4048
4055
4062
4078
4079
4094
4098
4099
4103
4107
4114
4147
4156
4164
4168
4170
4176
4189
4208
4211
4218
4228
4237
4262
4269
4281
4287
4295
4302
4313
4327
4331
4335
4336
4344
4360
4361
4364
4379
4380
4399
4402
4405
4411
4438
4445
4447
4455
4466
4470
4471
4473
4500
4505
4536
4540
4573
4577
4584
4593
4594
4595
4597
4603
4606
4622
4625
4669
4672
4703
4709
4710
4716
4727
4736
4751
4756
4761
4762
4767
4774
4777
4778
4789
4791
4793
4795
4798
4808
4810
4818
4826
4833
4863
4869
4870
4873
4880
4882
4888
4889
4896
4902
4906
4907
4913
5001
5006
5009
5013
5017
5018
5021
5024
5031
5089
5092
5094
5105
5123
5125
5126
5137
5149
5153
5155
5159
5165
5171
5181
5186
5187
5200
5206
5222
5227
5229
5238
5240
5247
5249
5253
5271
5273
5277
5278
5287
5295
5296
5304
5305
5314
5315
5316
5324
5327
5328
5333
5336
5338
5341
5362
5366
5368
5375
5378
5383
5385
5391
5402
5403
5408
5412
5422
5428
5430
5434
5447
5448
5450
5462
5465
5470
5471
5482
5483
5484
5487
5489
5490
5493
5496
5503
5505
5514
5516
5524
5531
5538
5540
5543
5547
5553
5558
5559
5564
5566
5576
5584
5589
5592
5595
5606
5610
5611
5616
5618
5623
5629
5633
5636
5640
5642
5647
5654
5655
5664
5666
5683
5689
5690
5693
5695
5707
5709
5712
5718
5729
5732
5744
5777
5781
5782
5791
5806
5814
5823
5834
5835
5843
5870
5875
5883
5884
5928
5946
5955
5965
5967
5969
5970
5975
5985
5990
5992
5997
6000
6010
6017
6019
6020
6031
6033
6036
6037
6044
6059
6061
6064
6070
6077
6085
6095
6101
6104
6120
6123
6126
6128
6130
6140
6146
6149
6157
6159
6168
6169
6182
6184
6196
6199
6201
6203
6213
6216
6219
6221
6222
6223
6226
6231
6241
6245
6254
6255
6256
6263
6265
6267
6275
6288
6289
6301
6302
6303
6305
6306
6310
6312
6319
6323
6330
6339
6355
6359
6360
6365
6384
6385
6386
6389
6392
6398
6408
6417
6419
6421
6422
6427
6428
6441
6453
6458
6460
6473
6478
6486
6487
6489
6490
6513
6518
6520
6525
6538
6546
6548
6559
6562
6567
6568
6572
6585
6595
6596
6599
6600
6605
6606
6610
6613
6615
6623
6625
6628
6633
6636
6637
6638
6641
6659
6660
6662
6672
6673
6677
6686
6696
6703
7003
7005
7020
7030
7032
7033
7035
7037
7039
8003
8012
8013
8017
8018
8020
8030
8038
8043
8051
8053
8060
8074
8078
8081
8085
8102
8107
8108
8110
8115
8123
8127
8130
8138
8159
8162
8175
8182
8188
8204
8205
8207
8210
8212
8214
8216
8219
8224
8225
8226
8229
8248
8260
9005
9009
9012
9017
9022
9026
9030
9037
9043
9046
9049
9050
9055
9057
