0007
0008
0012
0015
0027
0030
0035
0038
0041
0045
0058
0064
0068
0076
0080
0081
0085
0088
0103
0111
0114
0129
0133
0138
0142
0143
0146
0157
0159
0160
0173
0176
0178
0187
0207
0225
0226
0227
0267
0269
0276
0291
0313
0317
0320
0324
0326
0328
0339
0340
0343
0345
0352
0354
0359
0372
0376
0384
0386
0387
0417
0422
0428
0434
0440
0444
0446
0448
0450
0456
0458
0462
0463
0472
0474
0475
0477
0478
0496
0502
0507
0517
0520
0521
0540
0543
0555
0557
0560
0561
0563
0570
0580
0592
0597
0605
0607
0611
0612
0621
0640
0662
0667
0668
0671
0679
0691
0697
0698
0707
0716
0722
0731
0734
0737
0758
0762
0806
0829
0830
0832
0833
0834
0835
0839
0844
0857
0863
0870
0883
0887
0895
0899
0911
0933
0943
0944
0959
0960
0971
0976
0981
0983
0984
0990
0994
1003
1004
1010
1011
1012
1023
1024
1025
1043
1050
1054
1060
1062
1065
1075
1080
1086
1105
1108
1125
1129
1132
1141
1143
1148
1153
1159
1166
1170
1173
1183
1185
1188
1199
1203
1206
1208
1222
1247
1250
1272
1276
1280
1288
1291
1295
1304
1309
1313
1317
1322
1325
1326
1344
1345
1371
1380
1381
1389
1395
1403
1410
1412
1468
1474
1478
1484
1487
1501
1511
1512
1521
1526
1527
1528
1529
1538
1551
1558
1560
1562
1565
1566
1570
1574
1581
1588
1592
1596
1598
1612
1614
1624
1627
1633
1650
1651
1654
1658
1660
1663
1665
1667
1672
1680
1681
1697
1703
1708
1712
1722
1723
1726
1727
1732
1734
1736
1741
1746
1756
1757
1763
1773
1806
1813
1840
1843
1848
1860
1862
1865
1866
1881
1884
1887
1889
1897
1899
1900
1901
1903
1931
1935
1961
1962
1969
1970
1982
1995
2012
2013
2042
2047
2068
2069
2074
2097
2100
2105
2125
2133
2144
2189
2194
2203
2207
2225
2226
2237
2238
2264
2266
2272
2288
2303
2307
2309
2313
2314
2316
2321
2322
2323
2325
2357
2366
2384
2385
2388
2399
2415
2416
2423
2435
2438
2449
2451
2456
2462
2468
2469
2470
2485
2487
2490
2491
2492
2493
2516
2518
2524
2526
2528
2534
2536
2537
2538
2545
2551
2552
2560
2570
2574
2584
2586
2593
2621
2627
2632
2635
2640
2651
2653
2661
2664
2665
2666
2671
2685
2686
2691
2694
2700
2706
2713
2714
2715
2716
2733
2735
2744
2745
2754
2758
2760
2768
2770
2772
2777
2779
2794
2812
2820
2836
2845
2855
2857
2866
2879
2881
2884
2894
2904
2905
2913
2914
2916
2919
2935
2941
2942
2945
2948
2961
2962
2968
2976
2985
2986
2997
2998
3001
3017
3026
3047
3062
3066
3079
3087
3095
3101
3102
3103
3111
3119
3122
3136
3164
3176
3188
3195
3201
3216
3221
3223
3231
3232
3239
3244
3248
3251
3253
3264
3277
3287
3291
3294
3299
3315
3325
3341
3351
3352
3354
3364
3368
3391
3400
3403
3413
3423
3425
3427
3431
3434
3436
3439
3448
3471
3472
3474
3476
3484
3489
3497
3501
3525
3526
3531
3533
3540
3543
3551
3553
3560
3571
3586
3590
3598
3622
3627
3635
3670
3691
3694
3711
3729
3737
3744
3750
3752
3768
3770
3772
3775
3786
3792
3796
3815
3820
3821
3836
3838
3842
3872
3875
3882
3885
3895
3896
3901
3913
3923
3928
3929
3944
3961
3965
3968
3974
3992
4003
4010
4011
4020
4029
4034
4038
4039
4048
4055
4067
4071
4079
4091
4098
4099
4106
4115
4130
4134
4167
4168
4177
4186
4199
4200
4204
4205
4216
4219
4246
4247
4250
4259
4263
4274
4277
4284
4287
4293
4303
4306
4310
4326
4332
4346
4353
4368
4370
4378
4384
4385
4402
4407
4418
4419
4421
4434
4443
4445
4446
4449
4455
4466
4485
4486
4489
4513
4519
4523
4531
4536
4537
4539
4541
4567
4574
4597
4598
4604
4606
4616
4652
4674
4689
4697
4698
4731
4733
4759
4762
4769
4774
4791
4795
4805
4811
4813
4818
4825
4833
4853
4861
4862
4863
4866
4869
4880
4889
4902
4906
4909
4911
4912
5008
5013
5018
5028
5086
5089
5091
5105
5107
5127
5131
5139
5153
5164
5167
5169
5173
5177
5178
5187
5207
5208
5210
5212
5213
5214
5227
5246
5255
5259
5268
5269
5272
5273
5286
5298
5316
5317
5321
5324
5328
5334
5335
5361
5371
5374
5381
5384
5388
5395
5399
5402
5407
5413
5420
5429
5434
5436
5457
5458
5465
5470
5471
5474
5482
5490
5496
5503
5518
5520
5525
5530
5531
5540
5541
5557
5560
5561
5562
5564
5566
5573
5574
5577
5579
5585
5593
5596
5610
5617
5622
5630
5658
5662
5664
5666
5675
5684
5685
5689
5692
5696
5701
5707
5708
5709
5718
5725
5735
5737
5751
5764
5768
5775
5780
5789
5793
5794
5795
5806
5808
5809
5820
5823
5834
5835
5843
5846
5863
5868
5873
5878
5885
5890
5899
5900
5913
5917
5928
5939
5947
5950
5958
5972
5976
5980
5990
5995
5997
6001
6016
6031
6033
6035
6059
6064
6065
6069
6070
6077
6083
6084
6088
6108
6110
6111
6126
6128
6130
6132
6143
6157
6158
6163
6165
6192
6196
6199
6206
6209
6211
6216
6218
6221
6222
6224
6230
6235
6243
6245
6255
6260
6263
6266
6267
6268
6275
6278
6279
6288
6289
6292
6301
6302
6304
6321
6323
6324
6333
6351
6361
6364
6367
6382
6384
6389
6396
6399
6410
6417
6424
6440
6441
6443
6454
6465
6466
6471
6477
6481
6488
6489
6492
6498
6501
6503
6519
6548
6552
6567
6569
6574
6579
6583
6589
6590
6594
6597
6601
6602
6605
6607
6608
6611
6615
6623
6629
6635
6636
6637
6645
6652
6654
6655
6656
6660
6670
6676
6682
6694
6695
6698
6703
6707
7002
7010
7014
7017
7020
7024
7028
7030
7034
7037
8003
8016
8018
8026
8027
8029
8038
8040
8045
8046
8050
8051
8054
8055
8060
8093
8094
8109
8110
8111
8127
8131
8133
8142
8143
8159
8173
8177
8182
8188
8193
8203
8208
8223
8234
8238
8259
9001
9004
9021
9028
9029
9037
9049
9057
