0009
0010
0029
0044
0050
0057
0064
0073
0074
0085
0086
0101
0109
0126
0137
0144
0150
0162
0173
0178
0199
0205
0207
0212
0213
0225
0239
0243
0248
0259
0264
0276
0277
0282
0286
0293
0302
0304
0317
0320
0326
0332
0338
0343
0348
0353
0358
0359
0369
0371
0376
0379
0380
0382
0384
0385
0400
0406
0423
0424
0425
0434
0436
0441
0444
0446
0453
0496
0497
0500
0508
0513
0517
0521
0525
0543
0554
0555
0557
0560
0563
0573
0614
0616
0646
0679
0718
0734
0735
0743
0750
0762
0798
0804
0811
0812
0837
0839
0857
0878
0884
0887
0895
0896
0909
0922
0942
0943
0949
0951
0952
0959
0981
0983
0985
0992
1003
1006
1011
1014
1019
1025
1028
1041
1065
1067
1073
1075
1081
1086
1088
1095
1108
1109
1111
1134
1141
1147
1153
1159
1160
1164
1167
1168
1172
1174
1183
1188
1196
1204
1208
1222
1224
1225
1232
1237
1240
1247
1248
1254
1263
1276
1278
1285
1295
1296
1303
1309
1314
1320
1325
1326
1336
1337
1342
1347
1358
1368
1388
1403
1412
1415
1429
1430
1434
1436
1440
1442
1444
1446
1451
1452
1459
1463
1474
1480
1496
1499
1520
1521
1524
1530
1533
1541
1553
1556
1557
1582
1586
1593
1597
1598
1600
1612
1618
1621
1623
1624
1628
1651
1676
1693
1694
1696
1704
1709
1717
1718
1721
1722
1723
1742
1746
1748
1766
1768
1789
1795
1799
1806
1815
1819
1832
1838
1841
1842
1843
1848
1850
1854
1865
1873
1878
1880
1882
1892
1894
1900
1903
1920
1921
1925
1930
1931
1934
1947
1953
1955
1958
1960
1965
1970
1983
1988
1989
1991
1994
2000
2018
2024
2030
2031
2058
2076
2079
2081
2090
2101
2105
2106
2109
2131
2133
2148
2151
2166
2172
2191
2226
2234
2259
2263
2270
2285
2289
2296
2298
2299
2300
2303
2307
2309
2312
2320
2321
2322
2336
2348
2356
2357
2359
2362
2363
2366
2369
2376
2380
2407
2413
2415
2419
2422
2423
2429
2432
2436
2440
2443
2448
2452
2480
2487
2490
2498
2504
2519
2528
2539
2540
2547
2558
2563
2567
2585
2587
2625
2626
2627
2654
2658
2660
2661
2665
2678
2682
2683
2685
2706
2729
2734
2750
2758
2777
2780
2785
2795
2798
2799
2851
2871
2876
2880
2894
2905
2923
2926
2940
2941
2957
2968
2976
2981
2985
2995
2996
2997
2998
3006
3022
3032
3044
3055
3056
3061
3099
3108
3113
3126
3136
3143
3150
3151
3152
3161
3162
3169
3172
3180
3195
3216
3230
3253
3265
3270
3288
3303
3306
3317
3319
3326
3332
3346
3350
3352
3355
3362
3369
3379
3381
3388
3390
3391
3394
3400
3403
3407
3422
3428
3430
3446
3447
3459
3465
3469
3472
3484
3489
3492
3497
3521
3527
3534
3541
3555
3572
3577
3579
3586
3592
3596
3597
3612
3619
3623
3629
3630
3635
3659
3660
3661
3670
3673
3691
3693
3713
3719
3721
3723
3728
3745
3756
3770
3776
3784
3786
3792
3795
3806
3810
3811
3812
3834
3838
3841
3843
3846
3849
3856
3858
3862
3864
3880
3894
3916
3918
3921
3924
3925
3948
3949
3953
3961
3968
3970
3976
3981
3999
4020
4026
4029
4032
4035
4036
4044
4046
4048
4062
4079
4091
4098
4101
4107
4114
4115
4124
4130
4135
4139
4145
4149
4164
4168
4169
4177
4187
4193
4195
4211
4219
4227
4232
4242
4253
4259
4267
4269
4277
4283
4284
4290
4293
4294
4295
4299
4302
4323
4325
4326
4328
4331
4332
4361
4376
4377
4386
4392
4394
4401
4408
4409
4413
4414
4417
4418
4423
4430
4449
4471
4473
4484
4486
4489
4494
4495
4498
4507
4508
4522
4525
4526
4530
4533
4534
4539
4546
4554
4557
4567
4578
4579
4585
4592
4595
4598
4616
4627
4630
4634
4638
4656
4664
4674
4676
4700
4718
4721
4727
4730
4731
4734
4751
4758
4762
4772
4781
4788
4794
4796
4799
4808
4810
4813
4826
4830
4850
4855
4874
4884
4885
4889
4890
4896
4905
4907
4910
4912
5003
5006
5018
5021
5031
5042
5079
5081
5085
5086
5088
5091
5092
5095
5109
5115
5116
5122
5127
5140
5142
5145
5148
5150
5155
5156
5157
5168
5173
5175
5187
5208
5209
5210
5221
5228
5229
5237
5238
5241
5243
5245
5246
5247
5255
5259
5270
5277
5278
5291
5294
5298
5306
5314
5315
5325
5326
5327
5328
5341
5361
5363
5366
5370
5374
5381
5388
5391
5402
5404
5408
5413
5423
5425
5427
5444
5447
5451
5454
5462
5465
5470
5473
5480
5482
5500
5502
5503
5507
5524
5530
5536
5537
5540
5556
5569
5575
5578
5585
5589
5593
5596
5599
5600
5601
5611
5618
5621
5636
5638
5642
5652
5653
5655
5656
5661
5662
5664
5677
5686
5698
5699
5709
5716
5717
5723
5735
5737
5738
5752
5753
5759
5762
5763
5768
5771
5777
5778
5788
5791
5795
5798
5800
5807
5814
5815
5822
5829
5831
5834
5855
5859
5870
5880
5884
5889
5896
5899
5917
5921
5936
5944
5946
5954
5955
5960
5965
5967
5968
5970
5977
5980
5990
5996
6000
6001
6007
6011
6014
6022
6033
6037
6056
6072
6077
6088
6091
6095
6100
6106
6108
6116
6120
6124
6126
6127
6132
6136
6137
6140
6143
6147
6148
6155
6162
6163
6164
6176
6184
6202
6234
6241
6268
6274
6276
6288
6298
6300
6304
6305
6310
6314
6325
6330
6334
6337
6338
6349
6359
6385
6396
6401
6405
6419
6427
6433
6440
6450
6461
6466
6472
6474
6481
6482
6483
6486
6493
6498
6503
6509
6510
6547
6558
6565
6566
6567
6579
6587
6594
6595
6602
6607
6611
6625
6628
6635
6648
6650
6651
6654
6657
6670
6672
6699
6701
6702
6705
7008
7009
7011
7013
7014
7017
7020
7021
7025
7026
7027
7030
7033
7037
7038
8003
8008
8022
8025
8029
8030
8035
8038
8054
8060
8061
8062
8078
8092
8094
8102
8119
8125
8132
8139
8144
8147
8148
8162
8164
8168
8175
8207
8210
8223
8231
8234
8236
8240
8262
9016
9022
9025
9029
9031
9054
9056
